2 0.22704475308641975 0.6265432098765432 0.10069444444444445 0.19650205761316872
2 0.06558641975308642 0.3963477366255144 0.13117283950617284 0.2103909465020576
2 0.4182098765432099 0.15560699588477367 0.12808641975308643 0.19393004115226337
2 0.3931327160493827 0.43209876543209874 0.18055555555555555 0.2767489711934156
2 0.6248070987654321 0.7335390946502057 0.15393518518518517 0.26954732510288065
2 0.5626929012345679 0.3855452674897119 0.10686728395061729 0.1712962962962963
2 0.7033179012345679 0.17824074074074073 0.09953703703703703 0.17335390946502058
2 0.8003472222222222 0.38425925925925924 0.08140432098765432 0.14814814814814814
2 0.40142746913580246 0.7597736625514403 0.1878858024691358 0.2890946502057613
2 0.8885030864197531 0.5550411522633745 0.07330246913580248 0.1419753086419753
2 0.5590277777777778 0.5529835390946503 0.10262345679012345 0.07818930041152264
2 0.7953317901234568 0.5671296296296297 0.08371913580246913 0.1507201646090535
2 0.0626929012345679 0.13143004115226337 0.1253858024691358 0.21656378600823045
2 0.7008101851851852 0.3801440329218107 0.09452160493827161 0.16049382716049382
2 0.6849922839506173 0.5784465020576132 0.09297839506172839 0.14660493827160495
2 0.07272376543209877 0.6473765432098766 0.14544753086419754 0.21965020576131689
2 0.2179783950617284 0.3917181069958848 0.11959876543209877 0.19907407407407407