2 0.35302734375 0.4739583333333333 0.1357421875 0.1796875
2 0.654296875 0.8287760416666666 0.154296875 0.19921875
2 0.896484375 0.8828125 0.166015625 0.21875
2 0.7978515625 0.732421875 0.109375 0.14973958333333334
2 0.6572265625 0.5475260416666666 0.146484375 0.19921875
2 0.61279296875 0.19010416666666666 0.1806640625 0.23697916666666666
2 0.10693359375 0.134765625 0.1708984375 0.22005208333333334
2 0.91748046875 0.5358072916666666 0.1123046875 0.15755208333333334
2 0.92822265625 0.07486979166666667 0.0927734375 0.12369791666666667
2 0.798828125 0.59375 0.080078125 0.10677083333333333
2 0.34521484375 0.19596354166666666 0.2314453125 0.3111979166666667
2 0.4560546875 0.4348958333333333 0.103515625 0.13541666666666666
2 0.48828125 0.599609375 0.109375 0.14713541666666666
2 0.947265625 0.22330729166666666 0.099609375 0.13411458333333334
2 0.76806640625 0.2643229166666667 0.1845703125 0.23958333333333334
2 0.28759765625 0.681640625 0.1513671875 0.21223958333333334
2 0.7998046875 0.4739583333333333 0.080078125 0.10677083333333333
2 0.91015625 0.373046875 0.095703125 0.12630208333333334
2 0.10400390625 0.4993489583333333 0.1767578125 0.24348958333333334
2 0.1142578125 0.8587239583333334 0.177734375 0.23046875
2 0.46875 0.8313802083333334 0.1875 0.2669270833333333