2 0.970407196969697 0.3407315340909091 0.05823863636363636 0.037286931818181816
2 0.04640151515151515 0.9698153409090909 0.0928030303030303 0.05965909090909091
2 0.28551136363636365 0.9540127840909091 0.13731060606060605 0.09126420454545454
2 0.8622159090909091 0.07208806818181818 0.061553030303030304 0.022727272727272728
2 0.7123579545454546 0.9522372159090909 0.1425189393939394 0.09481534090909091
2 0.7526041666666666 0.16921164772727273 0.07054924242424243 0.03160511363636364
2 0.5961174242424242 0.11399147727272728 0.06628787878787878 0.02911931818181818
2 0.48863636363636365 0.7267400568181818 0.125 0.09339488636363637
2 0.7026515151515151 0.41796875 0.09185606060606061 0.028409090909090908
2 0.8430397727272727 0.3380681818181818 0.08285984848484848 0.045454545454545456
2 0.0859375 0.5910866477272727 0.11126893939393939 0.07421875
2 0.8430397727272727 0.1258877840909091 0.06581439393939394 0.028764204545454544
2 0.4169034090909091 0.5589488636363636 0.10558712121212122 0.06321022727272728
2 0.8091856060606061 0.587890625 0.13352272727272727 0.06427556818181818
2 0.3468276515151515 0.09676846590909091 0.06392045454545454 0.02947443181818182
2 0.4353693181818182 0.14666193181818182 0.0771780303030303 0.029829545454545456
2 0.3572443181818182 0.14825994318181818 0.06770833333333333 0.03231534090909091
2 0.9732481060606061 0.17826704545454544 0.052556818181818184 0.030539772727272728
2 0.24550189393939395 0.5573508522727273 0.10653409090909091 0.07137784090909091
2 0.055634469696969696 0.07688210227272728 0.07433712121212122 0.030894886363636364
2 0.5868844696969697 0.5399502840909091 0.109375 0.06214488636363636