2 0.34646177685950413 0.5391589506172839 0.026084710743801653 0.03665123456790124
2 0.5924586776859504 0.746141975308642 0.02427685950413223 0.03780864197530864
2 0.5822572314049587 0.5837191358024691 0.021952479338842975 0.034722222222222224
2 0.6110537190082644 0.9606481481481481 0.02737603305785124 0.04089506172839506
2 0.009555785123966942 0.8562885802469136 0.019111570247933883 0.050540123456790126
2 0.5876807851239669 0.6664737654320988 0.02350206611570248 0.03587962962962963
2 0.8077221074380165 0.8194444444444444 0.02350206611570248 0.033950617283950615
2 0.3409090909090909 0.6981095679012346 0.027892561983471075 0.04128086419753087
2 0.04597107438016529 0.5758101851851852 0.038223140495867766 0.04436728395061729
2 0.33948863636363635 0.8225308641975309 0.029700413223140498 0.04398148148148148
2 0.603176652892562 0.8603395061728395 0.02556818181818182 0.03935185185185185
2 0.337422520661157 0.9170524691358025 0.03125 0.04552469135802469
2 0.0825154958677686 0.3773148148148148 0.03331611570247934 0.03780864197530864
2 0.06572830578512397 0.4683641975308642 0.03538223140495868 0.04089506172839506
2 0.797004132231405 0.7496141975308642 0.02221074380165289 0.033179012345679014
2 0.7831869834710744 0.6529706790123457 0.02246900826446281 0.030478395061728395
2 0.578254132231405 0.5142746913580247 0.02169421487603306 0.033179012345679014
2 0.3434917355371901 0.6126543209876543 0.02634297520661157 0.04089506172839506
2 0.020015495867768594 0.7320601851851852 0.04003099173553719 0.048996913580246916
2 0.7701446280991735 0.5692515432098766 0.021177685950413222 0.028935185185185185
2 0.34865702479338845 0.4699074074074074 0.024793388429752067 0.034722222222222224