2 0.513916015625 0.46286764705882355 0.07177734375 0.027205882352941177
2 0.597412109375 0.45698529411764705 0.02490234375 0.02426470588235294
2 0.574951171875 0.5599264705882353 0.08056640625 0.10808823529411765
2 0.34619140625 0.5738970588235294 0.080078125 0.10955882352941176
2 0.405517578125 0.4702205882352941 0.07275390625 0.025735294117647058
2 0.622314453125 0.705514705882353 0.04052734375 0.11691176470588235
2 0.314453125 0.47573529411764703 0.0322265625 0.022058823529411766
2 0.306640625 0.7327205882352941 0.0361328125 0.12720588235294117
2 0.409423828125 0.7231617647058823 0.08544921875 0.12573529411764706
2 0.46337890625 0.5669117647058823 0.0791015625 0.10588235294117647
2 0.531005859375 0.7139705882352941 0.08642578125 0.12205882352941176