2 0.013435194942044258 0.5398525280898876 0.026870389884088516 0.09726123595505617
2 0.8408851422550052 0.5410814606741573 0.14120126448893572 0.09480337078651685
2 0.5147523709167545 0.40554775280898875 0.14541622760800843 0.09550561797752809
2 0.5144889357218124 0.6776685393258427 0.14805057955742887 0.09691011235955056
2 0.29610115911485774 0.14132724719101122 0.14330874604847207 0.09304775280898876
2 0.19072708113804004 0.03247893258426966 0.14120126448893572 0.055126404494382025
2 0.1780821917808219 0.5402036516853933 0.1506849315068493 0.09726123595505617
2 0.9812961011591148 0.05003511235955056 0.03635405690200211 0.051615168539325844
2 0.018703898840885143 0.27054073033707865 0.037407797681770286 0.09375
2 0.6259220231822972 0.5409058988764045 0.14541622760800843 0.09585674157303371
2 0.6243414120126449 0.273876404494382 0.14330874604847207 0.09480337078651685
2 0.9320337197049526 0.1544943820224719 0.13487881981032665 0.09129213483146068
2 0.2881981032665964 0.6776685393258427 0.14963119072708114 0.0976123595505618
2 0.40437302423603794 0.27212078651685395 0.14488935721812435 0.09410112359550561
2 0.18466807165437302 0.27247191011235955 0.1469968387776607 0.09339887640449439
2 0.4062170706006322 0.031425561797752806 0.1422550052687039 0.055126404494382025
2 0.0690200210748156 0.6780196629213483 0.1380400421496312 0.09831460674157304
2 0.023182297154899896 0.032127808988764044 0.04636459430979979 0.05301966292134831
2 0.5147523709167545 0.14202949438202248 0.14330874604847207 0.09375
2 0.7276080084299262 0.14799859550561797 0.13909378292939936 0.09375
2 0.7355110642781876 0.6766151685393258 0.1422550052687039 0.0976123595505618
2 0.07244467860906217 0.4041432584269663 0.14488935721812435 0.09620786516853932
2 0.6203898840885143 0.03932584269662921 0.13962065331928344 0.05407303370786517
2 0.7326132771338251 0.40712780898876405 0.14067439409905164 0.09585674157303371
2 0.9907797681770284 0.5410814606741573 0.01738672286617492 0.09339887640449439
2 0.9857744994731296 0.2816011235955056 0.0273972602739726 0.0898876404494382
2 0.29214963119072707 0.40554775280898875 0.1469968387776607 0.09480337078651685
2 0.40252897787144365 0.5409058988764045 0.1475237091675448 0.09655898876404495
2 0.8345626975763962 0.27861657303370785 0.1380400421496312 0.09445224719101124
2 0.07824025289778715 0.14150280898876405 0.14805057955742887 0.09339887640449439
2 0.9391464699683878 0.6745084269662921 0.12065331928345627 0.09620786516853932
2 0.8263962065331928 0.04652387640449438 0.13645943097997892 0.055126404494382025
2 0.9359852476290832 0.40958567415730335 0.12697576396206534 0.09304775280898876