2 0.827375 0.49583333333333335 0.13375 0.17833333333333334
2 0.87725 0.7373333333333333 0.0395 0.086
2 0.826125 0.7401666666666666 0.05275 0.03166666666666667
2 0.17975 0.5501666666666667 0.059 0.08233333333333333
2 0.488 0.22833333333333333 0.059 0.07333333333333333
2 0.781 0.7815 0.013 0.06833333333333333
2 0.8095 0.21733333333333332 0.129 0.162
2 0.82525 0.8015 0.0735 0.10233333333333333
2 0.745125 0.741 0.05775 0.09
2 0.270375 0.1975 0.01725 0.20166666666666666
2 0.158625 0.45916666666666667 0.01425 0.04633333333333333
2 0.347625 0.21883333333333332 0.13125 0.16233333333333333
2 0.203 0.8088333333333333 0.067 0.08566666666666667
2 0.817 0.7076666666666667 0.064 0.028
2 0.127 0.7976666666666666 0.037 0.09
2 0.4975 0.7515 0.159 0.18833333333333332
2 0.49675 0.5088333333333334 0.1375 0.18033333333333335