2 0.18986992945326273 0.14554398148148145 0.08267195767195767 0.07043650793650794
2 0.2808090828924162 0.16426917989417988 0.08267195767195767 0.06820436507936507
2 0.37125220458553787 0.17654596560846558 0.08697089947089948 0.062003968253968256
2 0.4641754850088183 0.18894675925925924 0.0882936507936508 0.06398809523809523
2 0.17267416225749554 0.21895667989417988 0.08134920634920635 0.062003968253968256
2 0.26096781305114636 0.2329695767195767 0.07605820105820106 0.05679563492063492
2 0.35322971781305107 0.2458664021164021 0.08134920634920635 0.05580357142857143
2 0.44549162257495584 0.25863921957671954 0.083994708994709 0.06101190476190476
2 0.1528328924162257 0.28716104497354494 0.08796296296296297 0.05803571428571429
2 0.2444334215167548 0.30266203703703703 0.07275132275132275 0.057787698412698416
2 0.3347111992945326 0.314442791005291 0.08267195767195767 0.06299603174603174
2 0.4297839506172839 0.330067791005291 0.08564814814814815 0.059027777777777776
2 0.13695987654320982 0.3558614417989418 0.07605820105820106 0.06299603174603174
2 0.22591490299823627 0.3692542989417989 0.08002645502645503 0.059027777777777776
2 0.3153659611992945 0.38326719576719576 0.07705026455026455 0.0597718253968254
2 0.4064704585537918 0.39715608465608465 0.08267195767195767 0.058779761904761904
2 0.1184413580246913 0.4245618386243386 0.08267195767195767 0.05803571428571429
2 0.20723104056437386 0.4370866402116402 0.07837301587301587 0.05580357142857143
2 0.2961860670194003 0.45097552910052907 0.0744047619047619 0.05679563492063492
2 0.39043209876543206 0.46746858465608465 0.07308201058201058 0.06101190476190476
2 0.6902006172839505 0.23346560846560846 0.08267195767195767 0.0662202380952381
2 0.7735339506172839 0.2665757275132275 0.08664021164021164 0.062003968253968256
2 0.8575286596119929 0.29596560846560843 0.083994708994709 0.06919642857142858
2 0.9443342151675485 0.32696759259259256 0.08697089947089948 0.06919642857142858
2 0.6467151675485008 0.29596560846560843 0.08961640211640212 0.06522817460317461
2 0.7330246913580246 0.3290757275132275 0.09093915343915344 0.06101190476190476
2 0.816192680776014 0.36007771164021163 0.083994708994709 0.06299603174603174
2 0.9043209876543209 0.392567791005291 0.09226190476190477 0.06597222222222222
2 0.6027336860670194 0.36156580687830686 0.08697089947089948 0.06398809523809523
2 0.6888778659611993 0.39107969576719576 0.08531746031746032 0.06299603174603174
2 0.7728725749559082 0.4235697751322751 0.08267195767195767 0.062003968253968256
2 0.8596781305114638 0.4560598544973545 0.08564814814814815 0.06299603174603174
2 0.5627204585537918 0.4235697751322751 0.08697089947089948 0.06398809523809523
2 0.646219135802469 0.4534556878306878 0.08267195767195767 0.0662202380952381
2 0.7295524691358024 0.48606977513227506 0.083994708994709 0.06498015873015868
2 0.8148699294532628 0.5165757275132274 0.08928571428571429 0.06398809523809518
2 0.5179122574955908 0.4839616402116401 0.08531746031746032 0.06522817460317455
2 0.6027336860670194 0.5185598544973544 0.07837301587301587 0.06398809523809518
2 0.6859016754850088 0.5490658068783068 0.08267195767195767 0.059027777777777776
2 0.7728725749559082 0.5816798941798941 0.08796296296296297 0.0662202380952381
2 0.3380180776014109 0.5635747354497354 0.08134920634920635 0.06522817460317461
2 0.3945656966490299 0.6182622354497354 0.083994708994709 0.06299603174603174
2 0.4524360670194003 0.6700975529100528 0.083994708994709 0.06299603174603174
2 0.5117945326278659 0.7257771164021163 0.08697089947089948 0.06522817460317461
2 0.5737985008818342 0.7800925925925926 0.08664021164021164 0.0642361111111111
2 0.2651014109347442 0.6044973544973544 0.08697089947089948 0.06820436507936507
2 0.3251212522045855 0.6622850529100528 0.08531746031746032 0.0642361111111111
2 0.38497574955908287 0.7133763227513227 0.083994708994709 0.06522817460317461
2 0.4428461199294532 0.7676917989417988 0.08664021164021164 0.0662202380952381
2 0.5055114638447972 0.8239914021164021 0.0882936507936508 0.06522817460317461
2 0.19416887125220453 0.6488921957671957 0.08796296296296297 0.06820436507936507
2 0.2553461199294532 0.7045717592592592 0.083994708994709 0.06398809523809523
2 0.3112323633156966 0.7573991402116401 0.08531746031746032 0.062003968253968256
2 0.3704254850088183 0.8115906084656084 0.08531746031746032 0.06324404761904762
2 0.4311067019400352 0.8652860449735449 0.0882936507936508 0.06299603174603174
2 0.12654320987654316 0.6937830687830687 0.0882936507936508 0.06324404761904762
2 0.1839175485008818 0.7464864417989417 0.083994708994709 0.06944444444444445
2 0.24162257495590825 0.8012979497354497 0.08697089947089948 0.06299603174603174
2 0.3023037918871252 0.8561094576719576 0.08664021164021164 0.06299603174603174
2 0.3614969135802469 0.9098048941798941 0.083994708994709 0.06721230158730158