2 0.0881834215167548 0.22354497354497352 0.09093915343915344 0.06721230158730158
2 0.18722442680776008 0.22156084656084654 0.08267195767195767 0.06522817460317461
2 0.28295855379188706 0.2210648148148148 0.08961640211640212 0.06820436507936507
2 0.3843143738977072 0.21784060846560846 0.08002645502645503 0.0662202380952381
2 0.10256834215167543 0.29906580687830686 0.08134920634920635 0.06299603174603174
2 0.18920855379188709 0.2989417989417989 0.083994708994709 0.06721230158730158
2 0.2877535273368606 0.29757771164021163 0.08002645502645503 0.062003968253968256
2 0.3856371252204585 0.29385747354497355 0.08002645502645503 0.06696428571428571
2 0.1065365961199294 0.3739666005291005 0.083994708994709 0.062003968253968256
2 0.19615299823633153 0.374958664021164 0.083994708994709 0.062003968253968256
2 0.29337522045855374 0.3724785052910053 0.08002645502645503 0.06299603174603174
2 0.3843143738977072 0.36937830687830686 0.09656084656084656 0.06919642857142858
2 0.11893738977072306 0.44055886243386244 0.07308201058201058 0.058779761904761904
2 0.2044201940035273 0.4446511243386243 0.08664021164021164 0.06101190476190476
2 0.29883156966490293 0.4436590608465608 0.0744047619047619 0.06299603174603174
2 0.39588844797178124 0.44415509259259256 0.08134920634920635 0.062003968253968256
2 0.12522045855379182 0.5097552910052909 0.07705026455026455 0.056795634920634865
2 0.2120260141093474 0.5139715608465608 0.07738095238095238 0.05877976190476185
2 0.3023037918871252 0.5160796957671957 0.07605820105820106 0.06498015873015868
2 0.39473104056437386 0.515583664021164 0.07572751322751323 0.060019841269841216
2 0.6321649029982362 0.22565310846560846 0.09093915343915344 0.07936507936507936
2 0.7313712522045855 0.24685846560846558 0.09093915343915344 0.07217261904761904
2 0.8292548500881833 0.2690558862433862 0.0882936507936508 0.07341269841269842
2 0.9368937389770723 0.29125330687830686 0.10185185185185185 0.07217261904761904
2 0.6047178130511464 0.30625826719576715 0.09358465608465609 0.06696428571428571
2 0.7004519400352733 0.32895171957671954 0.09523809523809523 0.06721230158730158
2 0.7989969135802468 0.3490410052910053 0.09391534391534391 0.06820436507936507
2 0.9029982363315696 0.36665013227513227 0.10615079365079365 0.06820436507936507
2 0.579916225749559 0.37756283068783064 0.09358465608465609 0.06324404761904762
2 0.6721781305114638 0.40075231481481477 0.0882936507936508 0.062003968253968256
2 0.7665895061728395 0.4193535052910053 0.09788359788359788 0.062003968253968256
2 0.865134479717813 0.44006283068783064 0.09391534391534391 0.06820436507936507
2 0.5518077601410935 0.44936342592592593 0.09226190476190477 0.062003968253968256
2 0.6440696649029982 0.4689566798941799 0.09226190476190477 0.062003968253968256
2 0.7336860670194003 0.48979001322751314 0.08961640211640212 0.0620039682539682
2 0.83206569664903 0.5098792989417988 0.09391534391534391 0.06299603174603169
2 0.5241953262786596 0.5175677910052909 0.083994708994709 0.06597222222222217
2 0.6157958553791887 0.538773148148148 0.08267195767195767 0.06522817460317455
2 0.7073963844797178 0.5568783068783068 0.083994708994709 0.06820436507936507
2 0.8037918871252204 0.5764715608465608 0.09226190476190477 0.06820436507936507
2 0.371086860670194 0.6125578703703703 0.083994708994709 0.062003968253968256
2 0.4421847442680776 0.6544725529100528 0.08267195767195767 0.06101190476190476
2 0.5124559082892416 0.6953951719576719 0.08564814814814815 0.06001984126984127
2 0.5814043209876543 0.7366898148148148 0.08267195767195767 0.0597718253968254
2 0.6508487654320987 0.7779844576719576 0.08134920634920635 0.062003968253968256
2 0.3188381834215167 0.6591848544973544 0.083994708994709 0.06398809523809523
2 0.3919201940035273 0.7006035052910052 0.083994708994709 0.062003968253968256
2 0.45938051146384473 0.7407820767195766 0.0787037037037037 0.06398809523809523
2 0.5276675485008818 0.7794725529100528 0.07705026455026455 0.06101190476190476
2 0.595789241622575 0.8198991402116401 0.08101851851851852 0.059027777777777776
2 0.26989638447971775 0.7035796957671957 0.08531746031746032 0.062003968253968256
2 0.33752204585537915 0.7469824735449735 0.07705026455026455 0.05803571428571429
2 0.40630511463844793 0.7846808862433862 0.07705026455026455 0.059027777777777776
2 0.4772376543209876 0.8239914021164021 0.08134920634920635 0.054811507936507936
2 0.5428791887125219 0.8633019179894179 0.09093915343915344 0.050595238095238096
2 0.22029320987654316 0.7485945767195766 0.07738095238095238 0.05679563492063492
2 0.2885802469135802 0.7893931878306878 0.07572751322751323 0.062003968253968256
2 0.355379188712522 0.8282076719576719 0.07705026455026455 0.05679563492063492
2 0.4243276014109347 0.8654100529100528 0.08002645502645503 0.054811507936507936
2 0.4924492945326278 0.9045965608465608 0.08134920634920635 0.054811507936507936