2 0.47521786492374735 0.2869105975723623 0.04497354497354497 0.03422619047619048
2 0.5185379707438531 0.2859185340802988 0.03968253968253968 0.030753968253968252
2 0.5641728913787738 0.28405841503267976 0.041666666666666664 0.03149801587301587
2 0.6112959072517896 0.28232230392156865 0.04265873015873016 0.033482142857142856
2 0.4791861188920013 0.3238649626517274 0.03902116402116402 0.030753968253968252
2 0.5198607220666045 0.3238649626517274 0.03902116402116402 0.027777777777777776
2 0.5661570183629008 0.32312091503267976 0.03571428571428571 0.032242063492063495
2 0.6104691876750701 0.32064075630252103 0.03902116402116402 0.03422619047619048
2 0.47968215063803304 0.3599512721755369 0.036044973544973546 0.028521825396825396
2 0.47968215063803304 0.3941774626517274 0.036044973544973546 0.028521825396825396
2 0.48199696545284787 0.42889968487394964 0.034722222222222224 0.03050595238095238
2 0.5213488173046997 0.3592072245564893 0.036044973544973546 0.030009920634920636
2 0.5666530501089325 0.3588352007469655 0.03869047619047619 0.027777777777777776
2 0.6124533146591971 0.35697508169934644 0.037037037037037035 0.028521825396825396
2 0.5233329442888267 0.3945494864612512 0.036044973544973546 0.027777777777777776
2 0.565660986616869 0.3941774626517274 0.03869047619047619 0.030009920634920636
2 0.6109652194211018 0.3938054388422036 0.03802910052910053 0.029265873015873016
2 0.522836912542795 0.4298917483660131 0.037037037037037035 0.028521825396825396
2 0.5671490818549643 0.42889968487394964 0.037698412698412696 0.03050595238095238
2 0.6119572829131653 0.43063579598506074 0.03802910052910053 0.028521825396825396
2 0.7305088702147525 0.28195028011204487 0.04365079365079365 0.03571428571428571
2 0.7816001400560224 0.2902588118580766 0.04662698412698413 0.03794642857142857
2 0.833187441643324 0.29794730392156865 0.04662698412698413 0.035962301587301584
2 0.8847747432306255 0.30675186741363214 0.04861111111111111 0.03869047619047619
2 0.7189347961406785 0.3201447245564893 0.04563492063492063 0.032242063492063495
2 0.7675459072517896 0.33006535947712423 0.04563492063492063 0.03571428571428571
2 0.8171490818549642 0.338373891223156 0.04563492063492063 0.033482142857142856
2 0.8697284469343293 0.34680643090569563 0.051587301587301584 0.03447420634920635
2 0.7047152194211017 0.357843137254902 0.04298941798941799 0.03422619047619048
2 0.7515075474634298 0.36652369281045755 0.04265873015873016 0.03125
2 0.8006146903205726 0.3763203197945845 0.047619047619047616 0.031994047619047616
2 0.8541861188920012 0.38549690709617185 0.0496031746031746 0.03447420634920635
2 0.6921490818549642 0.3935574229691877 0.04298941798941792 0.03273809523809524
2 0.7387760659819483 0.40372607376283853 0.04497354497354497 0.03273809523809524
2 0.7888752723311546 0.4138947245564893 0.045965608465608467 0.03273809523809524
2 0.840793261749144 0.4234433356676004 0.050595238095238096 0.03298611111111111
2 0.6799136321195145 0.43075980392156865 0.04365079365079358 0.03125
2 0.7252178649237473 0.439812383286648 0.04298941798941799 0.031994047619047616
2 0.7733329442888266 0.45072508169934644 0.04398148148148148 0.031994047619047616
2 0.8237628384687208 0.4606457166199814 0.04563492063492063 0.03298611111111111
2 0.600713896669779 0.4814790499533147 0.04265873015873016 0.034970238095238096
2 0.6370895580454404 0.5059086134453782 0.040013227513227514 0.03273809523809524
2 0.6711504046062869 0.5284780578898226 0.04199735449735442 0.03422619047619048
2 0.7080220977279801 0.5536516690009338 0.04563492063492063 0.033482142857142856
2 0.747043261749144 0.5773371848739496 0.0496031746031746 0.03571428571428571
2 0.5724400871459696 0.5083887721755369 0.04497354497354497 0.03670634920634921
2 0.6089810924369748 0.531702264239029 0.04398148148148148 0.03373015873015873
2 0.6433726268285093 0.5547677404295052 0.04265873015873016 0.03273809523809524
2 0.678921568627451 0.5791973039215687 0.04563492063492056 0.03050595238095238
2 0.7164546374105197 0.6028828197945846 0.04861111111111111 0.03720238095238095
2 0.5466464363523188 0.5324463118580766 0.04365079365079365 0.03521825396825397
2 0.5802112511671336 0.5572478991596639 0.03869047619047619 0.032242063492063495
2 0.6147681294740119 0.5806853991596639 0.04365079365079365 0.033482142857142856
2 0.6508131030189854 0.6047429388422035 0.03968253968253968 0.031994047619047616
2 0.6878501400560224 0.6288004785247433 0.04960317460317453 0.031994047619047616
2 0.5175459072517896 0.5586119864612512 0.04563492063492063 0.036458333333333336
2 0.5549136321195145 0.5816774626517274 0.04497354497354497 0.03447420634920635
2 0.5874863834422659 0.6051149626517274 0.04398148148148148 0.03571428571428571
2 0.6235313569872394 0.6301645658263306 0.04398148148148148 0.032242063492063495
2 0.6599070183629007 0.6536020658263306 0.048611111111111036 0.033482142857142856