2 0.27730119825708066 0.3238649626517274 0.05720899470899471 0.040674603174603176
2 0.3356676003734828 0.324609010270775 0.0496031746031746 0.042162698412698416
2 0.3948607220666045 0.3244850023342671 0.051587301587301584 0.03943452380952381
2 0.454384531590414 0.32237686741363214 0.05357142857142857 0.040674603174603176
2 0.2811041083099907 0.37024393090569563 0.047619047619047616 0.03869047619047619
2 0.3366596638655463 0.36987190709617185 0.05555555555555555 0.034970238095238096
2 0.3948607220666045 0.37061595471521946 0.0496031746031746 0.036458333333333336
2 0.454384531590414 0.36987190709617185 0.047619047619047616 0.036458333333333336
2 0.28259220354808595 0.4138947245564893 0.04662698412698413 0.03571428571428571
2 0.3366596638655463 0.4120346055088703 0.0496031746031746 0.036458333333333336
2 0.393868658574541 0.4142667483660131 0.0496031746031746 0.036458333333333336
2 0.4548805633364457 0.4127786531279179 0.044642857142857144 0.03794642857142857
2 0.28011204481792723 0.4566774626517274 0.0496031746031746 0.03794642857142857
2 0.33715569561157804 0.45481734360410836 0.05257936507936508 0.043154761904761904
2 0.3948607220666045 0.45816555788982266 0.051587301587301584 0.03794642857142857
2 0.4553765950824775 0.457421510270775 0.0496031746031746 0.036458333333333336
2 0.28011204481792723 0.4995842086834734 0.047619047619047616 0.03794642857142857
2 0.33996654217242456 0.5014443277310925 0.04497354497354497 0.03720238095238095
2 0.39634881730469973 0.5018163515406163 0.050595238095238096 0.03943452380952381
2 0.4553765950824775 0.5029324229691877 0.0496031746031746 0.04017857142857143
2 0.6002178649237473 0.3296933356676004 0.0496031746031746 0.04538690476190476
2 0.657426859632742 0.34097805788982266 0.051587301587301515 0.043154761904761904
2 0.7149665421724245 0.35189075630252103 0.051587301587301584 0.041666666666666664
2 0.776639822595705 0.36143936741363214 0.05853174603174603 0.04141865079365079
2 0.5861636321195145 0.37235206582633057 0.05257936507936508 0.03993055555555555
2 0.6425459072517896 0.38549690709617185 0.056216931216931214 0.03993055555555555
2 0.6999202458761282 0.39678162931839406 0.052579365079365004 0.040674603174603176
2 0.7586173358232181 0.40521416900093377 0.05357142857142857 0.044642857142857144
2 0.567645113600996 0.41612686741363214 0.054563492063492064 0.04017857142857143
2 0.6240273887332711 0.4277836134453782 0.056216931216931214 0.04017857142857143
2 0.6848739495798319 0.4390683356676004 0.05753968253968247 0.04092261904761905
2 0.7435710395269218 0.45072508169934644 0.054563492063492064 0.04092261904761905
2 0.5525988173046997 0.45841357376283853 0.05357142857142857 0.03993055555555555
2 0.6103038437597261 0.47155841503267976 0.05257936507936508 0.03844246031746032
2 0.6688355897914722 0.48259512138188615 0.05654761904761897 0.03869047619047619
2 0.7265406162464986 0.49487190709617185 0.05357142857142857 0.04290674603174603
2 0.5380485527544352 0.50218837535014 0.05357142857142857 0.041666666666666664
2 0.5952575474634298 0.5142171451914099 0.05357142857142857 0.04389880952380952
2 0.653293261749144 0.5266179388422035 0.05456349206349199 0.04241071428571429
2 0.7124863834422658 0.5386467086834734 0.05654761904761905 0.046130952380952384
2 0.4381808278867103 0.566796510270775 0.06018518518518518 0.04389880952380952
2 0.4844771241830066 0.5940782563025211 0.05357142857142857 0.04141865079365079
2 0.5286239495798319 0.6228480975723624 0.054563492063492064 0.04241071428571429
2 0.5734321506380331 0.6513699229691877 0.05423280423280423 0.04092261904761905
2 0.6225392934951759 0.6797677404295052 0.05919312169312169 0.04513888888888889
2 0.4003170712729537 0.6002786531279178 0.054563492063492064 0.04092261904761905
2 0.44644802365390607 0.6288004785247433 0.051587301587301584 0.04092261904761905
2 0.49257897603485845 0.6557102007469655 0.05257936507936508 0.042162698412698416
2 0.538379240585123 0.6848520658263306 0.05423280423280423 0.04241071428571429
2 0.5879824151882976 0.7141179388422035 0.062169312169312166 0.04389880952380952
2 0.3652641612200436 0.6335127801120448 0.05257936507936508 0.04290674603174603
2 0.41106442577030816 0.6630266690009338 0.056216931216931214 0.04092261904761905
2 0.45620331465919706 0.6893163515406163 0.055224867724867725 0.04241071428571429
2 0.5010115157173981 0.7182102007469655 0.05555555555555555 0.03869047619047619
2 0.5476384998443823 0.7472280578898226 0.061507936507936505 0.041666666666666664
2 0.32591230936819177 0.6660028594771242 0.06117724867724868 0.03943452380952381
2 0.3750194522253346 0.6951447245564893 0.052248677248677246 0.040674603174603176
2 0.41833955804544043 0.7235425420168068 0.051587301587301584 0.03943452380952381
2 0.4669506691565516 0.7528084150326798 0.057539682539682536 0.03943452380952381
2 0.5120895580454404 0.7793461134453782 0.05654761904761905 0.04141865079365079