2 0.1280313051146384 0.20134755291005288 0.06878306878306878 0.051587301587301584
2 0.19764109347442677 0.19775132275132273 0.05919312169312169 0.054811507936507936
2 0.2692350088183421 0.1915509259259259 0.062169312169312166 0.06076388888888889
2 0.34711199294532624 0.1863425925925926 0.06911375661375661 0.05679563492063492
2 0.12522045855379182 0.26793981481481477 0.06316137566137567 0.054811507936507936
2 0.19962522045855374 0.26545965608465605 0.060515873015873016 0.051835317460317464
2 0.26989638447971775 0.2628554894179894 0.06613756613756613 0.059027777777777776
2 0.34711199294532624 0.2587632275132275 0.06911375661375661 0.05679563492063492
2 0.12786596119929447 0.3325479497354497 0.05787037037037037 0.0496031746031746
2 0.19631834215167543 0.3315558862433862 0.05654761904761905 0.05803571428571429
2 0.26444003527336857 0.32895171957671954 0.07175925925925926 0.05679563492063492
2 0.3395061728395061 0.3274636243386243 0.06779100529100529 0.05580357142857143
2 0.1258818342151675 0.3966600529100529 0.06183862433862434 0.05381944444444445
2 0.191358024691358 0.3977761243386243 0.06316137566137567 0.051587301587301584
2 0.26377865961199287 0.39814814814814814 0.06183862433862434 0.054811507936507936
2 0.34215167548500874 0.39926421957671954 0.07308201058201058 0.05704365079365079
2 0.12125220458553787 0.46064814814814814 0.05787037037037037 0.05580357142857143
2 0.19218474426807755 0.4654844576719577 0.06746031746031746 0.06299603174603174
2 0.261629188712522 0.46486441798941797 0.06613756613756613 0.05381944444444445
2 0.3380180776014109 0.46846064814814814 0.06746031746031746 0.059027777777777776
2 0.5647045855379188 0.1755539021164021 0.0882936507936508 0.06398809523809523
2 0.659942680776014 0.1915509259259259 0.09093915343915344 0.06919642857142858
2 0.7617945326278659 0.20184358465608462 0.09093915343915344 0.07539682539682539
2 0.8734016754850088 0.21895667989417988 0.10185185185185185 0.0744047619047619
2 0.5365961199294532 0.2520667989417989 0.09226190476190477 0.07018849206349206
2 0.628858024691358 0.2685598544973545 0.08697089947089948 0.06398809523809523
2 0.7267416225749559 0.2824487433862434 0.09490740740740741 0.07539682539682539
2 0.8361992945326279 0.3031580687830688 0.09623015873015874 0.07762896825396826
2 0.507660934744268 0.3294477513227513 0.08134920634920635 0.06820436507936507
2 0.5986000881834215 0.34606481481481477 0.08134920634920635 0.06820436507936507
2 0.6930114638447972 0.3672701719576719 0.0882936507936508 0.07738095238095238
2 0.7989969135802468 0.3863673941798942 0.09656084656084656 0.07837301587301587
2 0.48070987654320985 0.40075231481481477 0.07705026455026455 0.062003968253968256
2 0.5668540564373897 0.4204695767195767 0.08134920634920635 0.07018849206349206
2 0.6606040564373897 0.44316302910052907 0.09490740740740741 0.07043650793650794
2 0.7624559082892416 0.4679646164021164 0.09490740740740741 0.07837301587301587
2 0.45045194003527333 0.47156084656084657 0.08002645502645503 0.06721230158730158
2 0.5357694003527337 0.49599041005291 0.08002645502645503 0.07440476190476185
2 0.6301807760141093 0.5221560846560845 0.09226190476190477 0.07961309523809518
2 0.7350088183421516 0.548693783068783 0.10615079365079365 0.08060515873015874
2 0.3090828924162257 0.5687830687830687 0.07572751322751323 0.06522817460317461
2 0.37125220458553787 0.6183862433862433 0.07837301587301587 0.06522817460317461
2 0.4297839506172839 0.6699735449735449 0.0796957671957672 0.06721230158730158
2 0.49740961199294526 0.7226769179894179 0.08267195767195767 0.07341269841269842
2 0.5640432098765431 0.7794725529100528 0.09226190476190477 0.07341269841269842
2 0.2651014109347442 0.6162781084656084 0.07837301587301587 0.06696428571428571
2 0.31817680776014107 0.665881283068783 0.06878306878306878 0.06944444444444445
2 0.38084215167548496 0.7138723544973544 0.08697089947089948 0.06820436507936507
2 0.4387125220458553 0.7686838624338623 0.07837301587301587 0.07018849206349206
2 0.5151014109347443 0.8254794973544973 0.10482804232804233 0.06820436507936507
2 0.21417548500881828 0.661789021164021 0.07308201058201058 0.06522817460317461
2 0.27055776014109345 0.7123842592592592 0.0787037037037037 0.058779761904761904
2 0.3249559082892416 0.7619874338624338 0.0744047619047619 0.06522817460317461
2 0.38712522045855374 0.8158068783068783 0.07705026455026455 0.06721230158730158
2 0.4483024691358024 0.8704943783068783 0.08697089947089948 0.06696428571428571
2 0.16870590828924156 0.7020916005291005 0.0701058201058201 0.06498015873015874
2 0.22227733686067014 0.7551669973544973 0.06746031746031746 0.062003968253968256
2 0.27684082892416223 0.806506283068783 0.07142857142857142 0.06101190476190476
2 0.3305776014109347 0.8597056878306878 0.06911375661375661 0.06820436507936507
2 0.3945656966490299 0.9134011243386243 0.08664021164021164 0.06597222222222222