2 0.2981701940035273 0.304646164021164 0.05125661375661376 0.04141865079365079
2 0.3519069664902998 0.3021660052910053 0.04563492063492063 0.0339781746031746
2 0.40779320987654316 0.3011739417989418 0.0496031746031746 0.04241071428571429
2 0.46285273368606694 0.30266203703703703 0.05257936507936508 0.03943452380952381
2 0.3016424162257495 0.34866898148148145 0.0496031746031746 0.036210317460317464
2 0.35322971781305107 0.3481729497354497 0.04563492063492063 0.039186507936507936
2 0.4071318342151675 0.3470568783068783 0.04828042328042328 0.03943452380952381
2 0.4613646384479717 0.34606481481481477 0.0496031746031746 0.034970238095238096
2 0.3023037918871252 0.39107969576719576 0.04563492063492063 0.036210317460317464
2 0.35322971781305107 0.392567791005291 0.04828042328042328 0.03720238095238095
2 0.40696649029982357 0.39207175925925924 0.045304232804232805 0.036210317460317464
2 0.4587191358024691 0.39207175925925924 0.0496031746031746 0.04017857142857143
2 0.30296516754850084 0.43547453703703703 0.046957671957671955 0.03819444444444445
2 0.35322971781305107 0.4359705687830688 0.04828042328042328 0.03521825396825397
2 0.4048170194003527 0.437458664021164 0.0496031746031746 0.03819444444444445
2 0.46004188712522043 0.4349785052910053 0.046957671957671955 0.039186507936507936
2 0.30296516754850084 0.47726521164021163 0.046957671957671955 0.03943452380952381
2 0.35405643738977066 0.4778852513227513 0.04398148148148148 0.03819444444444445
2 0.40349426807760136 0.47627314814814814 0.0496031746031746 0.04141865079365079
2 0.45938051146384473 0.47887731481481477 0.05092592592592592 0.03819444444444445
2 0.6007495590828924 0.29906580687830686 0.05787037037037037 0.04662698412698413
2 0.661926807760141 0.3118386243386243 0.06183862433862434 0.043402777777777776
2 0.7211199294532628 0.3248594576719577 0.06183862433862434 0.04017857142857143
2 0.7880842151675485 0.3326719576719577 0.06613756613756613 0.043402777777777776
2 0.5868606701940035 0.345568783068783 0.05787037037037037 0.04241071428571429
2 0.6453924162257495 0.35846560846560843 0.05919312169312169 0.04141865079365079
2 0.7032627865961198 0.36875826719576715 0.05654761904761905 0.04117063492063492
2 0.7707231040564373 0.37917493386243384 0.07043650793650794 0.047619047619047616
2 0.5716490299823632 0.39306382275132273 0.055224867724867725 0.044642857142857144
2 0.6262125220458553 0.40608465608465605 0.05654761904761905 0.043402777777777776
2 0.685405643738977 0.4152612433862434 0.06183862433862434 0.043402777777777776
2 0.7467482363315696 0.42666997354497355 0.06349206349206349 0.043402777777777776
2 0.5564373897707231 0.4364666005291005 0.055224867724867725 0.042162698412698416
2 0.6110008818342151 0.45097552910052907 0.0539021164021164 0.04241071428571429
2 0.6673831569664902 0.4601521164021164 0.05357142857142857 0.04439484126984127
2 0.7302138447971781 0.47466104497354494 0.06349206349206349 0.04662698412698413
2 0.5394069664902997 0.47937334656084657 0.05092592592592592 0.04563492063492063
2 0.5943011463844796 0.4916501322751322 0.05092592592592592 0.04340277777777772
2 0.6529982363315696 0.5067791005291005 0.060515873015873016 0.0463789682539682
2 0.7163249559082892 0.5186838624338623 0.06878306878306878 0.045386904761904705
2 0.44697971781305107 0.5444775132275131 0.05654761904761905 0.04141865079365079
2 0.48748897707231037 0.5718832671957671 0.0496031746031746 0.04662698412698413
2 0.5276675485008818 0.601273148148148 0.055224867724867725 0.04538690476190476
2 0.5729717813051146 0.6312830687830687 0.055224867724867725 0.043402777777777776
2 0.6186067019400352 0.6632771164021163 0.055224867724867725 0.043402777777777776
2 0.4117614638447971 0.5739914021164021 0.052248677248677246 0.04439484126984127
2 0.4559082892416225 0.603381283068783 0.055224867724867725 0.04563492063492063
2 0.4952601410934744 0.6333912037037036 0.0539021164021164 0.047619047619047616
2 0.5372574955908289 0.6647652116402115 0.05257936507936508 0.04241071428571429
2 0.58206569664903 0.6957671957671957 0.05357142857142857 0.04439484126984127
2 0.3760471781305114 0.6043733465608465 0.05489417989417989 0.04117063492063492
2 0.41936728395061723 0.6369874338624338 0.05092592592592592 0.04241071428571429
2 0.46004188712522043 0.6647652116402115 0.052248677248677246 0.04241071428571429
2 0.5055114638447972 0.6968832671957671 0.055224867724867725 0.042162698412698416
2 0.5440365961199294 0.7257771164021163 0.052248677248677246 0.04241071428571429
2 0.3484347442680776 0.6359953703703703 0.04662698412698413 0.04439484126984127
2 0.3891093474426807 0.6674933862433862 0.0539021164021164 0.043402777777777776
2 0.42697310405643735 0.6979993386243385 0.0496031746031746 0.04241071428571429
2 0.46682098765432095 0.7252810846560845 0.05787037037037037 0.04141865079365079
2 0.5131172839506173 0.757771164021164 0.05919312169312169 0.04439484126984127