2 0.095623897707231 0.15596064814814814 0.09523809523809523 0.0744047619047619
2 0.1935074955908289 0.15434854497354494 0.08134920634920635 0.07762896825396826
2 0.28924162257495584 0.15434854497354494 0.07705026455026455 0.06919642857142858
2 0.3834876543209876 0.15124834656084654 0.07572751322751323 0.07341269841269842
2 0.09975749559082887 0.22776124338624337 0.07308201058201058 0.06522817460317461
2 0.1935074955908289 0.23086144179894177 0.08134920634920635 0.06299603174603174
2 0.2884149029982363 0.23086144179894177 0.083994708994709 0.06299603174603174
2 0.3856371252204585 0.23185350529100526 0.08267195767195767 0.06299603174603174
2 0.1012455908289241 0.3036541005291005 0.08134920634920635 0.0642361111111111
2 0.19747574955908284 0.3031580687830688 0.08134920634920635 0.058779761904761904
2 0.29602072310405636 0.3031580687830688 0.08267195767195767 0.06324404761904762
2 0.3891093474426807 0.30266203703703703 0.07572751322751323 0.0642361111111111
2 0.10670194003527332 0.376942791005291 0.08697089947089948 0.062003968253968256
2 0.10455246913580242 0.44415509259259256 0.08267195767195767 0.062003968253968256
2 0.19549162257495586 0.37446263227513227 0.08002645502645503 0.06299603174603174
2 0.2946979717813051 0.38066302910052907 0.08796296296296297 0.06299603174603174
2 0.3891093474426807 0.37644675925925924 0.08101851851851852 0.06299603174603174
2 0.19416887125220453 0.44675925925925924 0.08002645502645503 0.06721230158730158
2 0.2920524691358024 0.4488673941798942 0.08267195767195767 0.06101190476190476
2 0.3876212522045855 0.44787533068783064 0.083994708994709 0.06299603174603174
2 0.6219135802469136 0.16054894179894177 0.09490740740740741 0.07762896825396826
2 0.7150022045855379 0.18175429894179893 0.08531746031746032 0.06597222222222222
2 0.8080908289241622 0.20134755291005288 0.08961640211640212 0.07242063492063493
2 0.9071318342151675 0.21784060846560846 0.09788359788359788 0.06820436507936507
2 0.5964506172839505 0.2339616402116402 0.08564814814814815 0.06721230158730158
2 0.687389770723104 0.2550429894179894 0.0882936507936508 0.0662202380952381
2 0.7818011463844796 0.27215608465608465 0.083994708994709 0.06919642857142858
2 0.8781966490299823 0.29286541005291006 0.09490740740740741 0.07738095238095238
2 0.5653659611992945 0.30625826719576715 0.08961640211640212 0.07142857142857142
2 0.6632495590828924 0.3248594576719577 0.08697089947089948 0.07142857142857142
2 0.7589836860670194 0.34284060846560843 0.08267195767195767 0.06820436507936507
2 0.8555445326278659 0.36255787037037035 0.09656084656084656 0.07242063492063493
2 0.5413910934744267 0.37657076719576715 0.09391534391534391 0.06721230158730158
2 0.6371252204585537 0.3935598544973545 0.08961640211640212 0.06597222222222222
2 0.7287257495590829 0.4132771164021164 0.08564814814814815 0.07018849206349206
2 0.8272707231040564 0.4349785052910053 0.08697089947089948 0.062003968253968256
2 0.5152667548500881 0.4488673941798942 0.09656084656084656 0.06299603174603174
2 0.615134479717813 0.46585648148148145 0.08664021164021164 0.0662202380952381
2 0.7067350088183421 0.48445767195767186 0.08531746031746032 0.06622023809523804
2 0.8004850088183421 0.5067791005291005 0.0882936507936508 0.0711805555555555
2 0.3623236331569664 0.5480737433862433 0.09358465608465609 0.07738095238095238
2 0.30296516754850084 0.6028852513227513 0.08796296296296297 0.07341269841269842
2 0.249889770723104 0.6570767195767195 0.08961640211640212 0.07663690476190477
2 0.18937389770723098 0.7092840608465608 0.08961640211640212 0.07539682539682539
2 0.43391754850088177 0.5982969576719576 0.08531746031746032 0.06820436507936507
2 0.5089836860670194 0.6399636243386243 0.08928571428571429 0.06919642857142858
2 0.5827270723104055 0.6865906084656084 0.08796296296296297 0.06522817460317461
2 0.6577932098765431 0.7294973544973544 0.08928571428571429 0.06820436507936507
2 0.3795194003527336 0.6518683862433862 0.08697089947089948 0.0662202380952381
2 0.3208223104056437 0.7050677910052909 0.08531746031746032 0.06299603174603174
2 0.263613315696649 0.7582671957671957 0.083994708994709 0.06820436507936507
2 0.45194003527336857 0.6947751322751322 0.09093915343915344 0.06522817460317461
2 0.39671516754850084 0.7495866402116401 0.0882936507936508 0.06721230158730158
2 0.3347111992945326 0.8027860449735449 0.08796296296296297 0.06398809523809523
2 0.40696649029982357 0.843584656084656 0.08961640211640212 0.07118055555555555
2 0.4772376543209876 0.8859953703703703 0.08664021164021164 0.07316468253968254
2 0.4676477072310405 0.7919973544973544 0.08134920634920635 0.06721230158730158
2 0.5227072310405643 0.7386739417989417 0.08961640211640212 0.0662202380952381
2 0.5992614638447972 0.7815806878306878 0.08531746031746032 0.06721230158730158
2 0.5407297178130511 0.8363921957671957 0.08664021164021164 0.06721230158730158